0 27 
0 28
1 41 
1 32 
1 47
1 43
1 11
1 26
1 9
1 25
2 5
2 24
2 11
2 10
2 20
2 27
2 38
2 6
2 14
2 42
2 45
3 43
3 21
3 42
3 49
3 10
3 17
3 12
3 7
3 33
3 27
4 7
4 40
4 43
4 5
4 12
4 49
4 16
4 28
4 21
4 26
4 38
4 31
5 41
5 9
5 8
5 13
5 17
5 19
5 23
5 25
5 29
5 35
5 33
5 39
5 44
6 24
6 25
6 12
6 19
6 29
6 32
6 39
6 45
6 33
7 31 
7 20
8 45
8 35
8 34
9 16
9 45
10 38
11 18
11 19
12 43
13 24
14 41
14 46
15 33
16 36
16 23
17 46
17 22
18 26
18 27
18 37 	
18 47
18 22
19 37 
19 35 
19 34
21 22
21 30
21 49
21 48
22 29
23 36
23 38
24 43
26 28
29 30
31 40
32 36
35 47
36 39
38 46
38 48
43 44
